32425
2802
8968
2510
23874
11692
10029
1887
8204
3678
20948
29342
8894
20837
30000
17603
9390
9973
17163
21372
17732
14853
18079
15028
12693
28752
25999
15882
24502
22236
9164
22181
14931
21708
28927
19688
18949
14451
12892
2468
9961
11295
22107
16907
2746
3176
11924
20574
8142
11026
28839
13779
841
28104
7703
10441
23149
22242
23378
15953
785
1046
29816
9403
8602
9795
21418
25537
22609
23583
7451
30334
7071
15324
4677
6029
23428
5494
19626
29090
24930
2570
13755
24216
864
21684
6005
24792
18264
4431
12239
6552
32149
2652
30388
20015
12116
31636
26126
30021
9787
2627
31550
29395
18109
25107
9133
2711
1478
14979
7839
9518
15016
6435
7390
24882
28978
18096
6679
3488
17409
27092
6360
13088
15528
24605
16996
3331
1127
9673
25279
18294
20722
32066
13452
9186
4689
12825
19539
31881
11946
29308
1633
1485
5941
29175
11464
16367
2773
20028
